version https://git-lfs.github.com/spec/v1
oid sha256:ecbf7a131c9ebab49d62dc5241fd0750614b1311a3a5418bfd9d7260d85950d5
size 2260291
